{
  "nbformat": 4,
  "nbformat_minor": 0,
  "metadata": {
    "colab": {
      "provenance": [],
      "authorship_tag": "ABX9TyP/kaT5qH2eHs57tSS5XBCD",
      "include_colab_link": true
    },
    "kernelspec": {
      "name": "python3",
      "display_name": "Python 3"
    },
    "language_info": {
      "name": "python"
    }
  },
  "cells": [
    {
      "cell_type": "markdown",
      "metadata": {
        "id": "view-in-github",
        "colab_type": "text"
      },
      "source": [
        "<a href=\"https://colab.research.google.com/github/aak29/aak29/blob/main/StockDates_Reverseorder.ipynb\" target=\"_parent\"><img src=\"https://colab.research.google.com/assets/colab-badge.svg\" alt=\"Open In Colab\"/></a>"
      ]
    },
    {
      "cell_type": "code",
      "execution_count": 18,
      "metadata": {
        "id": "-SP5XVsBh47P"
      },
      "outputs": [],
      "source": [
        "#import the packages\n",
        "import datetime as dt\n",
        "import matplotlib.pyplot as plt\n",
        "from matplotlib import style\n",
        "import pandas as pd\n",
        "import pandas_datareader.data as web"
      ]
    },
    {
      "cell_type": "code",
      "source": [
        "start = dt.datetime(2022,1,1)\n",
        "end = dt.datetime(2022,12,31)"
      ],
      "metadata": {
        "id": "43JQRaw1iBbw"
      },
      "execution_count": 19,
      "outputs": []
    },
    {
      "cell_type": "code",
      "source": [
        "#Create a dataframe\n",
        "df = web.DataReader('TSLA', 'stooq', start, end)"
      ],
      "metadata": {
        "id": "CJ7SsA7KiFCQ"
      },
      "execution_count": 20,
      "outputs": []
    },
    {
      "cell_type": "code",
      "source": [
        "df"
      ],
      "metadata": {
        "colab": {
          "base_uri": "https://localhost:8080/",
          "height": 455
        },
        "id": "g6mXITYqiJGB",
        "outputId": "96a6098a-d1a1-4af2-d95b-7ef4f2e41b73"
      },
      "execution_count": 21,
      "outputs": [
        {
          "output_type": "execute_result",
          "data": {
            "text/plain": [
              "              Open    High     Low   Close     Volume\n",
              "Date                                                 \n",
              "2022-11-16  191.51  192.57  185.66  186.92   66567599\n",
              "2022-11-15  195.88  200.82  192.06  194.42   91293785\n",
              "2022-11-14  192.77  195.73  186.34  190.95   92226649\n",
              "2022-11-11  186.00  196.52  182.59  195.97  114403575\n",
              "2022-11-10  189.90  191.00  180.03  190.72  132703015\n",
              "...            ...     ...     ...     ...        ...\n",
              "2022-01-07  360.12  360.31  336.67  342.32   84164748\n",
              "2022-01-06  359.00  362.67  340.17  354.90   90336474\n",
              "2022-01-05  382.22  390.11  360.34  362.71   80119797\n",
              "2022-01-04  396.52  402.67  374.35  383.20  100248258\n",
              "2022-01-03  382.58  400.36  378.68  399.93  104686047\n",
              "\n",
              "[221 rows x 5 columns]"
            ],
            "text/html": [
              "\n",
              "  <div id=\"df-0a297bfa-23fb-4246-8b2e-ca68714f354e\">\n",
              "    <div class=\"colab-df-container\">\n",
              "      <div>\n",
              "<style scoped>\n",
              "    .dataframe tbody tr th:only-of-type {\n",
              "        vertical-align: middle;\n",
              "    }\n",
              "\n",
              "    .dataframe tbody tr th {\n",
              "        vertical-align: top;\n",
              "    }\n",
              "\n",
              "    .dataframe thead th {\n",
              "        text-align: right;\n",
              "    }\n",
              "</style>\n",
              "<table border=\"1\" class=\"dataframe\">\n",
              "  <thead>\n",
              "    <tr style=\"text-align: right;\">\n",
              "      <th></th>\n",
              "      <th>Open</th>\n",
              "      <th>High</th>\n",
              "      <th>Low</th>\n",
              "      <th>Close</th>\n",
              "      <th>Volume</th>\n",
              "    </tr>\n",
              "    <tr>\n",
              "      <th>Date</th>\n",
              "      <th></th>\n",
              "      <th></th>\n",
              "      <th></th>\n",
              "      <th></th>\n",
              "      <th></th>\n",
              "    </tr>\n",
              "  </thead>\n",
              "  <tbody>\n",
              "    <tr>\n",
              "      <th>2022-11-16</th>\n",
              "      <td>191.51</td>\n",
              "      <td>192.57</td>\n",
              "      <td>185.66</td>\n",
              "      <td>186.92</td>\n",
              "      <td>66567599</td>\n",
              "    </tr>\n",
              "    <tr>\n",
              "      <th>2022-11-15</th>\n",
              "      <td>195.88</td>\n",
              "      <td>200.82</td>\n",
              "      <td>192.06</td>\n",
              "      <td>194.42</td>\n",
              "      <td>91293785</td>\n",
              "    </tr>\n",
              "    <tr>\n",
              "      <th>2022-11-14</th>\n",
              "      <td>192.77</td>\n",
              "      <td>195.73</td>\n",
              "      <td>186.34</td>\n",
              "      <td>190.95</td>\n",
              "      <td>92226649</td>\n",
              "    </tr>\n",
              "    <tr>\n",
              "      <th>2022-11-11</th>\n",
              "      <td>186.00</td>\n",
              "      <td>196.52</td>\n",
              "      <td>182.59</td>\n",
              "      <td>195.97</td>\n",
              "      <td>114403575</td>\n",
              "    </tr>\n",
              "    <tr>\n",
              "      <th>2022-11-10</th>\n",
              "      <td>189.90</td>\n",
              "      <td>191.00</td>\n",
              "      <td>180.03</td>\n",
              "      <td>190.72</td>\n",
              "      <td>132703015</td>\n",
              "    </tr>\n",
              "    <tr>\n",
              "      <th>...</th>\n",
              "      <td>...</td>\n",
              "      <td>...</td>\n",
              "      <td>...</td>\n",
              "      <td>...</td>\n",
              "      <td>...</td>\n",
              "    </tr>\n",
              "    <tr>\n",
              "      <th>2022-01-07</th>\n",
              "      <td>360.12</td>\n",
              "      <td>360.31</td>\n",
              "      <td>336.67</td>\n",
              "      <td>342.32</td>\n",
              "      <td>84164748</td>\n",
              "    </tr>\n",
              "    <tr>\n",
              "      <th>2022-01-06</th>\n",
              "      <td>359.00</td>\n",
              "      <td>362.67</td>\n",
              "      <td>340.17</td>\n",
              "      <td>354.90</td>\n",
              "      <td>90336474</td>\n",
              "    </tr>\n",
              "    <tr>\n",
              "      <th>2022-01-05</th>\n",
              "      <td>382.22</td>\n",
              "      <td>390.11</td>\n",
              "      <td>360.34</td>\n",
              "      <td>362.71</td>\n",
              "      <td>80119797</td>\n",
              "    </tr>\n",
              "    <tr>\n",
              "      <th>2022-01-04</th>\n",
              "      <td>396.52</td>\n",
              "      <td>402.67</td>\n",
              "      <td>374.35</td>\n",
              "      <td>383.20</td>\n",
              "      <td>100248258</td>\n",
              "    </tr>\n",
              "    <tr>\n",
              "      <th>2022-01-03</th>\n",
              "      <td>382.58</td>\n",
              "      <td>400.36</td>\n",
              "      <td>378.68</td>\n",
              "      <td>399.93</td>\n",
              "      <td>104686047</td>\n",
              "    </tr>\n",
              "  </tbody>\n",
              "</table>\n",
              "<p>221 rows × 5 columns</p>\n",
              "</div>\n",
              "      <button class=\"colab-df-convert\" onclick=\"convertToInteractive('df-0a297bfa-23fb-4246-8b2e-ca68714f354e')\"\n",
              "              title=\"Convert this dataframe to an interactive table.\"\n",
              "              style=\"display:none;\">\n",
              "        \n",
              "  <svg xmlns=\"http://www.w3.org/2000/svg\" height=\"24px\"viewBox=\"0 0 24 24\"\n",
              "       width=\"24px\">\n",
              "    <path d=\"M0 0h24v24H0V0z\" fill=\"none\"/>\n",
              "    <path d=\"M18.56 5.44l.94 2.06.94-2.06 2.06-.94-2.06-.94-.94-2.06-.94 2.06-2.06.94zm-11 1L8.5 8.5l.94-2.06 2.06-.94-2.06-.94L8.5 2.5l-.94 2.06-2.06.94zm10 10l.94 2.06.94-2.06 2.06-.94-2.06-.94-.94-2.06-.94 2.06-2.06.94z\"/><path d=\"M17.41 7.96l-1.37-1.37c-.4-.4-.92-.59-1.43-.59-.52 0-1.04.2-1.43.59L10.3 9.45l-7.72 7.72c-.78.78-.78 2.05 0 2.83L4 21.41c.39.39.9.59 1.41.59.51 0 1.02-.2 1.41-.59l7.78-7.78 2.81-2.81c.8-.78.8-2.07 0-2.86zM5.41 20L4 18.59l7.72-7.72 1.47 1.35L5.41 20z\"/>\n",
              "  </svg>\n",
              "      </button>\n",
              "      \n",
              "  <style>\n",
              "    .colab-df-container {\n",
              "      display:flex;\n",
              "      flex-wrap:wrap;\n",
              "      gap: 12px;\n",
              "    }\n",
              "\n",
              "    .colab-df-convert {\n",
              "      background-color: #E8F0FE;\n",
              "      border: none;\n",
              "      border-radius: 50%;\n",
              "      cursor: pointer;\n",
              "      display: none;\n",
              "      fill: #1967D2;\n",
              "      height: 32px;\n",
              "      padding: 0 0 0 0;\n",
              "      width: 32px;\n",
              "    }\n",
              "\n",
              "    .colab-df-convert:hover {\n",
              "      background-color: #E2EBFA;\n",
              "      box-shadow: 0px 1px 2px rgba(60, 64, 67, 0.3), 0px 1px 3px 1px rgba(60, 64, 67, 0.15);\n",
              "      fill: #174EA6;\n",
              "    }\n",
              "\n",
              "    [theme=dark] .colab-df-convert {\n",
              "      background-color: #3B4455;\n",
              "      fill: #D2E3FC;\n",
              "    }\n",
              "\n",
              "    [theme=dark] .colab-df-convert:hover {\n",
              "      background-color: #434B5C;\n",
              "      box-shadow: 0px 1px 3px 1px rgba(0, 0, 0, 0.15);\n",
              "      filter: drop-shadow(0px 1px 2px rgba(0, 0, 0, 0.3));\n",
              "      fill: #FFFFFF;\n",
              "    }\n",
              "  </style>\n",
              "\n",
              "      <script>\n",
              "        const buttonEl =\n",
              "          document.querySelector('#df-0a297bfa-23fb-4246-8b2e-ca68714f354e button.colab-df-convert');\n",
              "        buttonEl.style.display =\n",
              "          google.colab.kernel.accessAllowed ? 'block' : 'none';\n",
              "\n",
              "        async function convertToInteractive(key) {\n",
              "          const element = document.querySelector('#df-0a297bfa-23fb-4246-8b2e-ca68714f354e');\n",
              "          const dataTable =\n",
              "            await google.colab.kernel.invokeFunction('convertToInteractive',\n",
              "                                                     [key], {});\n",
              "          if (!dataTable) return;\n",
              "\n",
              "          const docLinkHtml = 'Like what you see? Visit the ' +\n",
              "            '<a target=\"_blank\" href=https://colab.research.google.com/notebooks/data_table.ipynb>data table notebook</a>'\n",
              "            + ' to learn more about interactive tables.';\n",
              "          element.innerHTML = '';\n",
              "          dataTable['output_type'] = 'display_data';\n",
              "          await google.colab.output.renderOutput(dataTable, element);\n",
              "          const docLink = document.createElement('div');\n",
              "          docLink.innerHTML = docLinkHtml;\n",
              "          element.appendChild(docLink);\n",
              "        }\n",
              "      </script>\n",
              "    </div>\n",
              "  </div>\n",
              "  "
            ]
          },
          "metadata": {},
          "execution_count": 21
        }
      ]
    },
    {
      "cell_type": "code",
      "source": [
        "df=df.reindex(index=df.index[::-1])\n",
        "df"
      ],
      "metadata": {
        "colab": {
          "base_uri": "https://localhost:8080/",
          "height": 455
        },
        "id": "bkPgOqD_iKWg",
        "outputId": "b07a2181-90ae-4899-859d-bf19240394cd"
      },
      "execution_count": 22,
      "outputs": [
        {
          "output_type": "execute_result",
          "data": {
            "text/plain": [
              "              Open    High     Low   Close     Volume\n",
              "Date                                                 \n",
              "2022-01-03  382.58  400.36  378.68  399.93  104686047\n",
              "2022-01-04  396.52  402.67  374.35  383.20  100248258\n",
              "2022-01-05  382.22  390.11  360.34  362.71   80119797\n",
              "2022-01-06  359.00  362.67  340.17  354.90   90336474\n",
              "2022-01-07  360.12  360.31  336.67  342.32   84164748\n",
              "...            ...     ...     ...     ...        ...\n",
              "2022-11-10  189.90  191.00  180.03  190.72  132703015\n",
              "2022-11-11  186.00  196.52  182.59  195.97  114403575\n",
              "2022-11-14  192.77  195.73  186.34  190.95   92226649\n",
              "2022-11-15  195.88  200.82  192.06  194.42   91293785\n",
              "2022-11-16  191.51  192.57  185.66  186.92   66567599\n",
              "\n",
              "[221 rows x 5 columns]"
            ],
            "text/html": [
              "\n",
              "  <div id=\"df-0b303d33-8e08-49cb-89cf-e1e28659c80a\">\n",
              "    <div class=\"colab-df-container\">\n",
              "      <div>\n",
              "<style scoped>\n",
              "    .dataframe tbody tr th:only-of-type {\n",
              "        vertical-align: middle;\n",
              "    }\n",
              "\n",
              "    .dataframe tbody tr th {\n",
              "        vertical-align: top;\n",
              "    }\n",
              "\n",
              "    .dataframe thead th {\n",
              "        text-align: right;\n",
              "    }\n",
              "</style>\n",
              "<table border=\"1\" class=\"dataframe\">\n",
              "  <thead>\n",
              "    <tr style=\"text-align: right;\">\n",
              "      <th></th>\n",
              "      <th>Open</th>\n",
              "      <th>High</th>\n",
              "      <th>Low</th>\n",
              "      <th>Close</th>\n",
              "      <th>Volume</th>\n",
              "    </tr>\n",
              "    <tr>\n",
              "      <th>Date</th>\n",
              "      <th></th>\n",
              "      <th></th>\n",
              "      <th></th>\n",
              "      <th></th>\n",
              "      <th></th>\n",
              "    </tr>\n",
              "  </thead>\n",
              "  <tbody>\n",
              "    <tr>\n",
              "      <th>2022-01-03</th>\n",
              "      <td>382.58</td>\n",
              "      <td>400.36</td>\n",
              "      <td>378.68</td>\n",
              "      <td>399.93</td>\n",
              "      <td>104686047</td>\n",
              "    </tr>\n",
              "    <tr>\n",
              "      <th>2022-01-04</th>\n",
              "      <td>396.52</td>\n",
              "      <td>402.67</td>\n",
              "      <td>374.35</td>\n",
              "      <td>383.20</td>\n",
              "      <td>100248258</td>\n",
              "    </tr>\n",
              "    <tr>\n",
              "      <th>2022-01-05</th>\n",
              "      <td>382.22</td>\n",
              "      <td>390.11</td>\n",
              "      <td>360.34</td>\n",
              "      <td>362.71</td>\n",
              "      <td>80119797</td>\n",
              "    </tr>\n",
              "    <tr>\n",
              "      <th>2022-01-06</th>\n",
              "      <td>359.00</td>\n",
              "      <td>362.67</td>\n",
              "      <td>340.17</td>\n",
              "      <td>354.90</td>\n",
              "      <td>90336474</td>\n",
              "    </tr>\n",
              "    <tr>\n",
              "      <th>2022-01-07</th>\n",
              "      <td>360.12</td>\n",
              "      <td>360.31</td>\n",
              "      <td>336.67</td>\n",
              "      <td>342.32</td>\n",
              "      <td>84164748</td>\n",
              "    </tr>\n",
              "    <tr>\n",
              "      <th>...</th>\n",
              "      <td>...</td>\n",
              "      <td>...</td>\n",
              "      <td>...</td>\n",
              "      <td>...</td>\n",
              "      <td>...</td>\n",
              "    </tr>\n",
              "    <tr>\n",
              "      <th>2022-11-10</th>\n",
              "      <td>189.90</td>\n",
              "      <td>191.00</td>\n",
              "      <td>180.03</td>\n",
              "      <td>190.72</td>\n",
              "      <td>132703015</td>\n",
              "    </tr>\n",
              "    <tr>\n",
              "      <th>2022-11-11</th>\n",
              "      <td>186.00</td>\n",
              "      <td>196.52</td>\n",
              "      <td>182.59</td>\n",
              "      <td>195.97</td>\n",
              "      <td>114403575</td>\n",
              "    </tr>\n",
              "    <tr>\n",
              "      <th>2022-11-14</th>\n",
              "      <td>192.77</td>\n",
              "      <td>195.73</td>\n",
              "      <td>186.34</td>\n",
              "      <td>190.95</td>\n",
              "      <td>92226649</td>\n",
              "    </tr>\n",
              "    <tr>\n",
              "      <th>2022-11-15</th>\n",
              "      <td>195.88</td>\n",
              "      <td>200.82</td>\n",
              "      <td>192.06</td>\n",
              "      <td>194.42</td>\n",
              "      <td>91293785</td>\n",
              "    </tr>\n",
              "    <tr>\n",
              "      <th>2022-11-16</th>\n",
              "      <td>191.51</td>\n",
              "      <td>192.57</td>\n",
              "      <td>185.66</td>\n",
              "      <td>186.92</td>\n",
              "      <td>66567599</td>\n",
              "    </tr>\n",
              "  </tbody>\n",
              "</table>\n",
              "<p>221 rows × 5 columns</p>\n",
              "</div>\n",
              "      <button class=\"colab-df-convert\" onclick=\"convertToInteractive('df-0b303d33-8e08-49cb-89cf-e1e28659c80a')\"\n",
              "              title=\"Convert this dataframe to an interactive table.\"\n",
              "              style=\"display:none;\">\n",
              "        \n",
              "  <svg xmlns=\"http://www.w3.org/2000/svg\" height=\"24px\"viewBox=\"0 0 24 24\"\n",
              "       width=\"24px\">\n",
              "    <path d=\"M0 0h24v24H0V0z\" fill=\"none\"/>\n",
              "    <path d=\"M18.56 5.44l.94 2.06.94-2.06 2.06-.94-2.06-.94-.94-2.06-.94 2.06-2.06.94zm-11 1L8.5 8.5l.94-2.06 2.06-.94-2.06-.94L8.5 2.5l-.94 2.06-2.06.94zm10 10l.94 2.06.94-2.06 2.06-.94-2.06-.94-.94-2.06-.94 2.06-2.06.94z\"/><path d=\"M17.41 7.96l-1.37-1.37c-.4-.4-.92-.59-1.43-.59-.52 0-1.04.2-1.43.59L10.3 9.45l-7.72 7.72c-.78.78-.78 2.05 0 2.83L4 21.41c.39.39.9.59 1.41.59.51 0 1.02-.2 1.41-.59l7.78-7.78 2.81-2.81c.8-.78.8-2.07 0-2.86zM5.41 20L4 18.59l7.72-7.72 1.47 1.35L5.41 20z\"/>\n",
              "  </svg>\n",
              "      </button>\n",
              "      \n",
              "  <style>\n",
              "    .colab-df-container {\n",
              "      display:flex;\n",
              "      flex-wrap:wrap;\n",
              "      gap: 12px;\n",
              "    }\n",
              "\n",
              "    .colab-df-convert {\n",
              "      background-color: #E8F0FE;\n",
              "      border: none;\n",
              "      border-radius: 50%;\n",
              "      cursor: pointer;\n",
              "      display: none;\n",
              "      fill: #1967D2;\n",
              "      height: 32px;\n",
              "      padding: 0 0 0 0;\n",
              "      width: 32px;\n",
              "    }\n",
              "\n",
              "    .colab-df-convert:hover {\n",
              "      background-color: #E2EBFA;\n",
              "      box-shadow: 0px 1px 2px rgba(60, 64, 67, 0.3), 0px 1px 3px 1px rgba(60, 64, 67, 0.15);\n",
              "      fill: #174EA6;\n",
              "    }\n",
              "\n",
              "    [theme=dark] .colab-df-convert {\n",
              "      background-color: #3B4455;\n",
              "      fill: #D2E3FC;\n",
              "    }\n",
              "\n",
              "    [theme=dark] .colab-df-convert:hover {\n",
              "      background-color: #434B5C;\n",
              "      box-shadow: 0px 1px 3px 1px rgba(0, 0, 0, 0.15);\n",
              "      filter: drop-shadow(0px 1px 2px rgba(0, 0, 0, 0.3));\n",
              "      fill: #FFFFFF;\n",
              "    }\n",
              "  </style>\n",
              "\n",
              "      <script>\n",
              "        const buttonEl =\n",
              "          document.querySelector('#df-0b303d33-8e08-49cb-89cf-e1e28659c80a button.colab-df-convert');\n",
              "        buttonEl.style.display =\n",
              "          google.colab.kernel.accessAllowed ? 'block' : 'none';\n",
              "\n",
              "        async function convertToInteractive(key) {\n",
              "          const element = document.querySelector('#df-0b303d33-8e08-49cb-89cf-e1e28659c80a');\n",
              "          const dataTable =\n",
              "            await google.colab.kernel.invokeFunction('convertToInteractive',\n",
              "                                                     [key], {});\n",
              "          if (!dataTable) return;\n",
              "\n",
              "          const docLinkHtml = 'Like what you see? Visit the ' +\n",
              "            '<a target=\"_blank\" href=https://colab.research.google.com/notebooks/data_table.ipynb>data table notebook</a>'\n",
              "            + ' to learn more about interactive tables.';\n",
              "          element.innerHTML = '';\n",
              "          dataTable['output_type'] = 'display_data';\n",
              "          await google.colab.output.renderOutput(dataTable, element);\n",
              "          const docLink = document.createElement('div');\n",
              "          docLink.innerHTML = docLinkHtml;\n",
              "          element.appendChild(docLink);\n",
              "        }\n",
              "      </script>\n",
              "    </div>\n",
              "  </div>\n",
              "  "
            ]
          },
          "metadata": {},
          "execution_count": 22
        }
      ]
    },
    {
      "cell_type": "code",
      "source": [
        "#Export to a csv\n",
        "df.to_csv('tsla.csv')"
      ],
      "metadata": {
        "id": "M6LyLaZgig6A"
      },
      "execution_count": 23,
      "outputs": []
    },
    {
      "cell_type": "code",
      "source": [
        "#Reduce decimal places for easier viewing\n",
        "pd.set_option(\"display.precision\", 2)"
      ],
      "metadata": {
        "id": "zAYKhoiIuOte"
      },
      "execution_count": 24,
      "outputs": []
    },
    {
      "cell_type": "code",
      "source": [
        "df.head()"
      ],
      "metadata": {
        "colab": {
          "base_uri": "https://localhost:8080/",
          "height": 237
        },
        "id": "CpHSXzgVuSYQ",
        "outputId": "4b43e11d-6bad-4ff1-9728-20a40dd23839"
      },
      "execution_count": 25,
      "outputs": [
        {
          "output_type": "execute_result",
          "data": {
            "text/plain": [
              "              Open    High     Low   Close     Volume\n",
              "Date                                                 \n",
              "2022-01-03  382.58  400.36  378.68  399.93  104686047\n",
              "2022-01-04  396.52  402.67  374.35  383.20  100248258\n",
              "2022-01-05  382.22  390.11  360.34  362.71   80119797\n",
              "2022-01-06  359.00  362.67  340.17  354.90   90336474\n",
              "2022-01-07  360.12  360.31  336.67  342.32   84164748"
            ],
            "text/html": [
              "\n",
              "  <div id=\"df-38f64477-3239-47b6-a6d8-eaf3ef34dd78\">\n",
              "    <div class=\"colab-df-container\">\n",
              "      <div>\n",
              "<style scoped>\n",
              "    .dataframe tbody tr th:only-of-type {\n",
              "        vertical-align: middle;\n",
              "    }\n",
              "\n",
              "    .dataframe tbody tr th {\n",
              "        vertical-align: top;\n",
              "    }\n",
              "\n",
              "    .dataframe thead th {\n",
              "        text-align: right;\n",
              "    }\n",
              "</style>\n",
              "<table border=\"1\" class=\"dataframe\">\n",
              "  <thead>\n",
              "    <tr style=\"text-align: right;\">\n",
              "      <th></th>\n",
              "      <th>Open</th>\n",
              "      <th>High</th>\n",
              "      <th>Low</th>\n",
              "      <th>Close</th>\n",
              "      <th>Volume</th>\n",
              "    </tr>\n",
              "    <tr>\n",
              "      <th>Date</th>\n",
              "      <th></th>\n",
              "      <th></th>\n",
              "      <th></th>\n",
              "      <th></th>\n",
              "      <th></th>\n",
              "    </tr>\n",
              "  </thead>\n",
              "  <tbody>\n",
              "    <tr>\n",
              "      <th>2022-01-03</th>\n",
              "      <td>382.58</td>\n",
              "      <td>400.36</td>\n",
              "      <td>378.68</td>\n",
              "      <td>399.93</td>\n",
              "      <td>104686047</td>\n",
              "    </tr>\n",
              "    <tr>\n",
              "      <th>2022-01-04</th>\n",
              "      <td>396.52</td>\n",
              "      <td>402.67</td>\n",
              "      <td>374.35</td>\n",
              "      <td>383.20</td>\n",
              "      <td>100248258</td>\n",
              "    </tr>\n",
              "    <tr>\n",
              "      <th>2022-01-05</th>\n",
              "      <td>382.22</td>\n",
              "      <td>390.11</td>\n",
              "      <td>360.34</td>\n",
              "      <td>362.71</td>\n",
              "      <td>80119797</td>\n",
              "    </tr>\n",
              "    <tr>\n",
              "      <th>2022-01-06</th>\n",
              "      <td>359.00</td>\n",
              "      <td>362.67</td>\n",
              "      <td>340.17</td>\n",
              "      <td>354.90</td>\n",
              "      <td>90336474</td>\n",
              "    </tr>\n",
              "    <tr>\n",
              "      <th>2022-01-07</th>\n",
              "      <td>360.12</td>\n",
              "      <td>360.31</td>\n",
              "      <td>336.67</td>\n",
              "      <td>342.32</td>\n",
              "      <td>84164748</td>\n",
              "    </tr>\n",
              "  </tbody>\n",
              "</table>\n",
              "</div>\n",
              "      <button class=\"colab-df-convert\" onclick=\"convertToInteractive('df-38f64477-3239-47b6-a6d8-eaf3ef34dd78')\"\n",
              "              title=\"Convert this dataframe to an interactive table.\"\n",
              "              style=\"display:none;\">\n",
              "        \n",
              "  <svg xmlns=\"http://www.w3.org/2000/svg\" height=\"24px\"viewBox=\"0 0 24 24\"\n",
              "       width=\"24px\">\n",
              "    <path d=\"M0 0h24v24H0V0z\" fill=\"none\"/>\n",
              "    <path d=\"M18.56 5.44l.94 2.06.94-2.06 2.06-.94-2.06-.94-.94-2.06-.94 2.06-2.06.94zm-11 1L8.5 8.5l.94-2.06 2.06-.94-2.06-.94L8.5 2.5l-.94 2.06-2.06.94zm10 10l.94 2.06.94-2.06 2.06-.94-2.06-.94-.94-2.06-.94 2.06-2.06.94z\"/><path d=\"M17.41 7.96l-1.37-1.37c-.4-.4-.92-.59-1.43-.59-.52 0-1.04.2-1.43.59L10.3 9.45l-7.72 7.72c-.78.78-.78 2.05 0 2.83L4 21.41c.39.39.9.59 1.41.59.51 0 1.02-.2 1.41-.59l7.78-7.78 2.81-2.81c.8-.78.8-2.07 0-2.86zM5.41 20L4 18.59l7.72-7.72 1.47 1.35L5.41 20z\"/>\n",
              "  </svg>\n",
              "      </button>\n",
              "      \n",
              "  <style>\n",
              "    .colab-df-container {\n",
              "      display:flex;\n",
              "      flex-wrap:wrap;\n",
              "      gap: 12px;\n",
              "    }\n",
              "\n",
              "    .colab-df-convert {\n",
              "      background-color: #E8F0FE;\n",
              "      border: none;\n",
              "      border-radius: 50%;\n",
              "      cursor: pointer;\n",
              "      display: none;\n",
              "      fill: #1967D2;\n",
              "      height: 32px;\n",
              "      padding: 0 0 0 0;\n",
              "      width: 32px;\n",
              "    }\n",
              "\n",
              "    .colab-df-convert:hover {\n",
              "      background-color: #E2EBFA;\n",
              "      box-shadow: 0px 1px 2px rgba(60, 64, 67, 0.3), 0px 1px 3px 1px rgba(60, 64, 67, 0.15);\n",
              "      fill: #174EA6;\n",
              "    }\n",
              "\n",
              "    [theme=dark] .colab-df-convert {\n",
              "      background-color: #3B4455;\n",
              "      fill: #D2E3FC;\n",
              "    }\n",
              "\n",
              "    [theme=dark] .colab-df-convert:hover {\n",
              "      background-color: #434B5C;\n",
              "      box-shadow: 0px 1px 3px 1px rgba(0, 0, 0, 0.15);\n",
              "      filter: drop-shadow(0px 1px 2px rgba(0, 0, 0, 0.3));\n",
              "      fill: #FFFFFF;\n",
              "    }\n",
              "  </style>\n",
              "\n",
              "      <script>\n",
              "        const buttonEl =\n",
              "          document.querySelector('#df-38f64477-3239-47b6-a6d8-eaf3ef34dd78 button.colab-df-convert');\n",
              "        buttonEl.style.display =\n",
              "          google.colab.kernel.accessAllowed ? 'block' : 'none';\n",
              "\n",
              "        async function convertToInteractive(key) {\n",
              "          const element = document.querySelector('#df-38f64477-3239-47b6-a6d8-eaf3ef34dd78');\n",
              "          const dataTable =\n",
              "            await google.colab.kernel.invokeFunction('convertToInteractive',\n",
              "                                                     [key], {});\n",
              "          if (!dataTable) return;\n",
              "\n",
              "          const docLinkHtml = 'Like what you see? Visit the ' +\n",
              "            '<a target=\"_blank\" href=https://colab.research.google.com/notebooks/data_table.ipynb>data table notebook</a>'\n",
              "            + ' to learn more about interactive tables.';\n",
              "          element.innerHTML = '';\n",
              "          dataTable['output_type'] = 'display_data';\n",
              "          await google.colab.output.renderOutput(dataTable, element);\n",
              "          const docLink = document.createElement('div');\n",
              "          docLink.innerHTML = docLinkHtml;\n",
              "          element.appendChild(docLink);\n",
              "        }\n",
              "      </script>\n",
              "    </div>\n",
              "  </div>\n",
              "  "
            ]
          },
          "metadata": {},
          "execution_count": 25
        }
      ]
    },
    {
      "cell_type": "code",
      "source": [
        "df = pd.read_csv('tsla.csv', parse_dates=True, index_col=0)\n",
        "df"
      ],
      "metadata": {
        "colab": {
          "base_uri": "https://localhost:8080/",
          "height": 455
        },
        "id": "TfBBFc23ucCO",
        "outputId": "938207c2-0b60-40fa-a9a7-b25ef522540e"
      },
      "execution_count": 26,
      "outputs": [
        {
          "output_type": "execute_result",
          "data": {
            "text/plain": [
              "              Open    High     Low   Close     Volume\n",
              "Date                                                 \n",
              "2022-01-03  382.58  400.36  378.68  399.93  104686047\n",
              "2022-01-04  396.52  402.67  374.35  383.20  100248258\n",
              "2022-01-05  382.22  390.11  360.34  362.71   80119797\n",
              "2022-01-06  359.00  362.67  340.17  354.90   90336474\n",
              "2022-01-07  360.12  360.31  336.67  342.32   84164748\n",
              "...            ...     ...     ...     ...        ...\n",
              "2022-11-10  189.90  191.00  180.03  190.72  132703015\n",
              "2022-11-11  186.00  196.52  182.59  195.97  114403575\n",
              "2022-11-14  192.77  195.73  186.34  190.95   92226649\n",
              "2022-11-15  195.88  200.82  192.06  194.42   91293785\n",
              "2022-11-16  191.51  192.57  185.66  186.92   66567599\n",
              "\n",
              "[221 rows x 5 columns]"
            ],
            "text/html": [
              "\n",
              "  <div id=\"df-9801195a-4bba-4417-8c3d-8e83d0218610\">\n",
              "    <div class=\"colab-df-container\">\n",
              "      <div>\n",
              "<style scoped>\n",
              "    .dataframe tbody tr th:only-of-type {\n",
              "        vertical-align: middle;\n",
              "    }\n",
              "\n",
              "    .dataframe tbody tr th {\n",
              "        vertical-align: top;\n",
              "    }\n",
              "\n",
              "    .dataframe thead th {\n",
              "        text-align: right;\n",
              "    }\n",
              "</style>\n",
              "<table border=\"1\" class=\"dataframe\">\n",
              "  <thead>\n",
              "    <tr style=\"text-align: right;\">\n",
              "      <th></th>\n",
              "      <th>Open</th>\n",
              "      <th>High</th>\n",
              "      <th>Low</th>\n",
              "      <th>Close</th>\n",
              "      <th>Volume</th>\n",
              "    </tr>\n",
              "    <tr>\n",
              "      <th>Date</th>\n",
              "      <th></th>\n",
              "      <th></th>\n",
              "      <th></th>\n",
              "      <th></th>\n",
              "      <th></th>\n",
              "    </tr>\n",
              "  </thead>\n",
              "  <tbody>\n",
              "    <tr>\n",
              "      <th>2022-01-03</th>\n",
              "      <td>382.58</td>\n",
              "      <td>400.36</td>\n",
              "      <td>378.68</td>\n",
              "      <td>399.93</td>\n",
              "      <td>104686047</td>\n",
              "    </tr>\n",
              "    <tr>\n",
              "      <th>2022-01-04</th>\n",
              "      <td>396.52</td>\n",
              "      <td>402.67</td>\n",
              "      <td>374.35</td>\n",
              "      <td>383.20</td>\n",
              "      <td>100248258</td>\n",
              "    </tr>\n",
              "    <tr>\n",
              "      <th>2022-01-05</th>\n",
              "      <td>382.22</td>\n",
              "      <td>390.11</td>\n",
              "      <td>360.34</td>\n",
              "      <td>362.71</td>\n",
              "      <td>80119797</td>\n",
              "    </tr>\n",
              "    <tr>\n",
              "      <th>2022-01-06</th>\n",
              "      <td>359.00</td>\n",
              "      <td>362.67</td>\n",
              "      <td>340.17</td>\n",
              "      <td>354.90</td>\n",
              "      <td>90336474</td>\n",
              "    </tr>\n",
              "    <tr>\n",
              "      <th>2022-01-07</th>\n",
              "      <td>360.12</td>\n",
              "      <td>360.31</td>\n",
              "      <td>336.67</td>\n",
              "      <td>342.32</td>\n",
              "      <td>84164748</td>\n",
              "    </tr>\n",
              "    <tr>\n",
              "      <th>...</th>\n",
              "      <td>...</td>\n",
              "      <td>...</td>\n",
              "      <td>...</td>\n",
              "      <td>...</td>\n",
              "      <td>...</td>\n",
              "    </tr>\n",
              "    <tr>\n",
              "      <th>2022-11-10</th>\n",
              "      <td>189.90</td>\n",
              "      <td>191.00</td>\n",
              "      <td>180.03</td>\n",
              "      <td>190.72</td>\n",
              "      <td>132703015</td>\n",
              "    </tr>\n",
              "    <tr>\n",
              "      <th>2022-11-11</th>\n",
              "      <td>186.00</td>\n",
              "      <td>196.52</td>\n",
              "      <td>182.59</td>\n",
              "      <td>195.97</td>\n",
              "      <td>114403575</td>\n",
              "    </tr>\n",
              "    <tr>\n",
              "      <th>2022-11-14</th>\n",
              "      <td>192.77</td>\n",
              "      <td>195.73</td>\n",
              "      <td>186.34</td>\n",
              "      <td>190.95</td>\n",
              "      <td>92226649</td>\n",
              "    </tr>\n",
              "    <tr>\n",
              "      <th>2022-11-15</th>\n",
              "      <td>195.88</td>\n",
              "      <td>200.82</td>\n",
              "      <td>192.06</td>\n",
              "      <td>194.42</td>\n",
              "      <td>91293785</td>\n",
              "    </tr>\n",
              "    <tr>\n",
              "      <th>2022-11-16</th>\n",
              "      <td>191.51</td>\n",
              "      <td>192.57</td>\n",
              "      <td>185.66</td>\n",
              "      <td>186.92</td>\n",
              "      <td>66567599</td>\n",
              "    </tr>\n",
              "  </tbody>\n",
              "</table>\n",
              "<p>221 rows × 5 columns</p>\n",
              "</div>\n",
              "      <button class=\"colab-df-convert\" onclick=\"convertToInteractive('df-9801195a-4bba-4417-8c3d-8e83d0218610')\"\n",
              "              title=\"Convert this dataframe to an interactive table.\"\n",
              "              style=\"display:none;\">\n",
              "        \n",
              "  <svg xmlns=\"http://www.w3.org/2000/svg\" height=\"24px\"viewBox=\"0 0 24 24\"\n",
              "       width=\"24px\">\n",
              "    <path d=\"M0 0h24v24H0V0z\" fill=\"none\"/>\n",
